mode freq_THz freq_cm-1 activity_E0.05 activity_E0.1
1 -9.7691659415e-02 -3.2586429981e+00 1.0643073996e-02 9.5123496106e-03
2 -6.2127375988e-02 -2.0723461958e+00 5.4260072715e-03 4.7808924560e-03
3 -1.6612660003e-02 -5.5413869026e-01 1.3278350928e-02 9.1647208811e-03
4 2.0667943479e-03 6.8940838662e-02 2.0846275568e-04 4.4822458796e-05
5 5.6449071362e-03 1.8829383414e-01 1.9574825923e-04 1.6605148225e-04
6 1.6557289771e-02 5.5229173815e-01 4.2949410677e-03 6.3260333429e-03
7 7.7278047999e+00 2.5777182159e+02 5.1200101885e+01 5.1488279111e+01
8 7.7280539101e+00 2.5778013102e+02 3.9733296519e+01 3.9870473726e+01
9 7.7321308303e+00 2.5791612244e+02 3.9599333298e+01 3.9711437740e+01
10 7.7330477866e+00 2.5794670881e+02 6.1634176271e+01 6.2694225224e+01
11 7.7347706163e+00 2.5800417622e+02 3.8947977384e+01 3.9138812687e+01
12 1.0043726976e+01 3.3502267013e+02 9.1097318615e-05 9.8584781897e-06
13 1.0048350908e+01 3.3517690789e+02 6.6645652643e-05 8.3913183118e-06
14 1.0055344559e+01 3.3541019097e+02 2.7862804370e-04 7.2230494498e-06
15 1.0382153725e+01 3.4631137135e+02 4.2821487383e-05 3.2886947934e-05
16 1.0387180084e+01 3.4647903264e+02 3.8687582834e-05 4.0038808659e-05
17 1.0388126973e+01 3.4651061745e+02 1.0295836473e-04 1.3283459480e-05
18 1.0389825687e+01 3.4656728044e+02 9.5100379449e-05 2.6673314046e-05
19 1.1900041836e+01 3.9694266879e+02 3.0664748860e-05 2.4604672988e-05
20 1.1900454875e+01 3.9695644630e+02 2.0164720881e-05 1.0095907674e-05
21 1.1900803983e+01 3.9696809126e+02 2.4717699510e-05 9.3675505273e-07
22 1.1901485956e+01 3.9699083943e+02 2.0568618852e-05 1.6309911402e-05
23 1.1902072814e+01 3.9701041492e+02 1.5100130219e-05 6.6793407935e-06
24 1.2721234156e+01 4.2433469610e+02 4.1784469313e-01 4.2248290912e-01
25 1.2722804602e+01 4.2438708055e+02 5.5652783034e-01 6.2651466363e-01
26 1.2726466018e+01 4.2450921224e+02 5.1531396556e-01 5.4294874341e-01
27 1.2729924084e+01 4.2462456091e+02 7.5106872181e-01 7.6478130157e-01
28 1.2731579735e+01 4.2467978748e+02 1.2928581830e+00 1.3796219542e+00
29 1.4311791199e+01 4.7738996819e+02 1.1252480017e+00 1.1202362707e+00
30 1.4312409337e+01 4.7741058706e+02 2.0832714971e-01 1.8281074777e-01
31 1.4313955102e+01 4.7746214822e+02 1.2900770910e+00 1.2474546444e+00
32 1.4316715832e+01 4.7755423627e+02 6.2401687039e-01 6.3705100037e-01
33 1.4619437886e+01 4.8765195708e+02 3.6383395416e+02 3.6477603920e+02
34 1.5729652566e+01 5.2468473258e+02 2.2019176594e-04 3.4741551064e-04
35 1.5732961962e+01 5.2479512218e+02 3.9101282495e-03 7.9527469841e-05
36 1.5734567457e+01 5.2484867571e+02 8.7795423484e-03 8.3826788235e-04
37 1.5829767682e+01 5.2802421342e+02 2.7689333166e-05 6.9047004759e-06
38 1.5834114281e+01 5.2816920035e+02 1.7077577318e-04 2.0816777467e-04
39 1.5835315367e+01 5.2820926425e+02 1.3443685237e-05 7.5466178029e-06
40 1.5835504795e+01 5.2821558290e+02 4.8410420053e-05 5.1617334220e-05
41 1.5836684199e+01 5.2825492358e+02 3.5049329284e-05 1.4369498110e-05
42 1.6443726613e+01 5.4850367895e+02 4.1791519311e-02 4.0734078413e-02
43 1.6444355996e+01 5.4852467291e+02 2.2302062732e-02 2.3956820043e-02
44 1.6444680578e+01 5.4853549977e+02 3.8220669291e-03 4.0929918676e-03
45 1.6809270160e+01 5.6069689917e+02 1.2312536638e-01 1.3149605825e-01
46 1.6811302995e+01 5.6076470725e+02 1.8300536168e-01 1.9297005811e-01
47 1.6812733646e+01 5.6081242864e+02 4.4725733615e-01 4.5782769174e-01
48 1.6846654746e+01 5.6194391474e+02 9.2690010821e-02 9.9494151080e-02
49 1.6847279860e+01 5.6196476632e+02 6.5466582669e-02 9.3191434973e-02
50 1.6848139442e+01 5.6199343888e+02 6.9890684661e-02 6.7827431380e-02
51 1.6848961334e+01 5.6202085425e+02 3.8213216660e-01 4.5519415084e-01
52 1.7300896072e+01 5.7709577444e+02 2.8228283278e-03 1.7563594255e-04
53 1.7301325188e+01 5.7711008820e+02 1.7271918180e-03 1.3632334279e-04
54 1.7302011792e+01 5.7713299086e+02 2.9631868406e-03 1.3692892144e-04
55 1.9800662143e+01 6.6047899519e+02 2.4245170356e-05 3.3608134604e-05
56 1.9801205763e+01 6.6049712842e+02 3.2817991551e-05 7.1897620853e-06
57 1.9801717672e+01 6.6051420387e+02 4.3965622782e-06 7.1589891323e-06
58 1.9802767492e+01 6.6054922209e+02 1.1175655586e-05 4.5908890821e-06
59 1.9803492458e+01 6.6057340436e+02 6.3637708795e-05 1.1293654054e-05
60 2.1154211582e+01 7.0562854460e+02 2.7399520602e-01 2.8707977221e-01
61 2.1154720377e+01 7.0564551618e+02 1.8062157816e-01 1.8816916704e-01
62 2.1155410694e+01 7.0566854266e+02 2.2124930405e-01 2.1254770830e-01
63 2.1155758470e+01 7.0568014321e+02 1.4554182167e-01 1.4392847470e-01
64 2.1155982153e+01 7.0568760451e+02 8.2493016146e-02 6.9047238984e-02
65 2.1274060653e+01 7.0962627928e+02 2.5615740027e-05 4.6452379228e-06
66 2.1274326424e+01 7.0963514445e+02 4.9366549764e-05 1.6646962453e-05
67 2.1274946225e+01 7.0965581880e+02 5.1310007985e-05 8.7403728569e-06
68 2.2021574273e+01 7.3456064972e+02 1.3591958704e-05 7.1045045033e-06
69 2.2022095816e+01 7.3457804652e+02 1.1903076212e-05 4.7985243056e-06
70 2.2022546370e+01 7.3459307538e+02 1.3170102007e-05 1.7219617001e-05
71 2.2022716143e+01 7.3459873839e+02 5.5479571068e-05 2.6057696106e-05
72 2.2023629809e+01 7.3462921503e+02 1.6682595986e-05 4.9223995290e-06
73 2.2228612011e+01 7.4146668531e+02 1.6591591172e-05 8.2060611400e-06
74 2.2229145521e+01 7.4148448129e+02 3.4604103298e-05 1.9073852895e-05
75 2.2229931211e+01 7.4151068906e+02 1.4240409089e-05 1.2763199105e-05
76 2.2230729532e+01 7.4153731819e+02 5.1692636752e-05 9.0933263249e-06
77 2.2610002040e+01 7.5418848727e+02 3.3046408097e-01 3.3503054266e-01
78 2.2610506912e+01 7.5420532802e+02 2.3737121622e-01 2.3740535903e-01
79 2.2610788115e+01 7.5421470794e+02 7.7686123170e-01 7.8891423530e-01
80 2.2611326374e+01 7.5423266230e+02 5.3132898035e-01 5.4114616364e-01
81 2.2781526681e+01 7.5990993344e+02 1.3875553457e+00 1.4726048090e+00
82 2.2782222202e+01 7.5993313354e+02 2.2474982255e-01 2.3951630989e-01
83 2.2782691781e+01 7.5994879703e+02 9.4346877200e-01 1.0270984129e+00
84 2.3102984442e+01 7.7063261018e+02 2.5001561884e+01 2.4986403137e+01
85 2.3106368074e+01 7.7074547598e+02 3.1072522527e+01 3.1085948797e+01
86 2.3108769212e+01 7.7082556934e+02 2.9608042009e+01 2.9609442905e+01
87 2.3113271429e+01 7.7097574714e+02 4.3963476454e+01 4.2589160459e+01
88 2.3116682403e+01 7.7108952496e+02 4.2523708292e+01 4.2519772286e+01
89 2.3238782256e+01 7.7516233767e+02 7.8509426831e-05 5.6739244967e-05
90 2.3239837140e+01 7.7519752480e+02 1.5024812782e-04 1.0110322312e-04
91 2.3240312776e+01 7.7521339033e+02 6.0023422859e-05 5.1648310545e-05
92 2.3241193815e+01 7.7524277861e+02 8.4545771126e-05 5.6221869956e-05
93 2.3570954688e+01 7.8624241735e+02 1.0339050298e-01 1.0401799713e-01
94 2.3571228978e+01 7.8625156669e+02 9.4959763007e-02 1.0009819773e-01
95 2.3572466583e+01 7.8629284874e+02 1.4586777850e-01 1.5775966345e-01
96 2.4589451573e+01 8.2021581653e+02 2.4000688050e-02 2.3660743984e-02
97 2.4591185710e+01 8.2027366111e+02 1.7352662972e-02 1.7563667177e-02
98 2.4593206172e+01 8.2034105648e+02 6.6828042534e-02 6.8429327229e-02
99 2.8286712238e+01 9.4354315737e+02 5.3355945196e-06 2.2056211146e-06
100 2.8757188471e+01 9.5923655527e+02 2.3298028499e-04 4.4717174973e-05
101 2.8759480295e+01 9.5931300231e+02 2.4586721405e-04 2.8199309894e-05
102 2.8762887758e+01 9.5942666304e+02 1.1976545324e-05 1.7654298368e-05
103 2.8764580914e+01 9.5948314064e+02 1.3445803232e-05 2.9996377488e-06
104 2.8958358697e+01 9.6594687172e+02 9.6998622269e-04 1.3383793758e-04
105 2.8959888952e+01 9.6599791554e+02 9.7362900417e-05 9.5217795514e-06
106 2.8966015890e+01 9.6620228817e+02 2.6014404604e-04 3.3877386980e-05
107 3.2429830133e+01 1.0817426946e+03 7.1804848007e+00 7.6691852045e+00
108 3.2432450019e+01 1.0818300846e+03 1.1470899900e+00 1.1367209820e+00
109 3.2438662153e+01 1.0820372991e+03 9.1232753966e-01 8.2548564783e-01
110 3.2440052181e+01 1.0820836654e+03 1.7153077355e+00 1.0779251525e+00
111 3.2908048023e+01 1.0976943263e+03 2.2347076708e+01 2.2120610914e+01
112 3.2908173472e+01 1.0976985109e+03 2.7269688053e+01 2.7238985442e+01
113 3.2910512928e+01 1.0977765467e+03 2.5048760440e+01 2.4511909614e+01
114 3.2911808060e+01 1.0978197477e+03 2.4886942244e+01 2.4583665183e+01
115 3.2912407712e+01 1.0978397499e+03 2.5629927512e+01 2.5657898253e+01
116 3.5512460977e+01 1.1845681914e+03 5.8706669299e-04 1.1564870264e-04
117 3.5519312451e+01 1.1847967320e+03 1.0828460998e-03 9.1706567614e-05
118 3.5524719345e+01 1.1849770865e+03 2.1434658815e-03 2.0597634710e-04
119 3.5547006157e+01 1.1857204946e+03 6.4431163930e-04 1.3057820732e-04
120 3.5550829278e+01 1.1858480202e+03 5.0123654136e-03 2.1982997585e-04
121 3.5559852831e+01 1.1861490135e+03 6.0526949525e-04 8.9352447738e-05
122 3.6142259796e+01 1.2055760187e+03 1.1584763229e-04 9.1525546206e-05
123 3.6142702371e+01 1.2055907814e+03 6.7399805502e-05 6.7239440808e-05
124 3.6144884149e+01 1.2056635577e+03 4.7276104440e-05 3.5799368784e-05
125 3.6149290852e+01 1.2058105495e+03 3.6801664784e-05 6.5198804624e-05
126 3.6154044297e+01 1.2059691074e+03 4.2124829336e-05 4.3091740619e-05
127 3.7214344584e+01 1.2413369180e+03 3.9753929198e+01 3.8987501088e+01
128 3.7216461264e+01 1.2414075228e+03 4.1599827248e+01 4.0569214428e+01
129 3.7218372796e+01 1.2414712847e+03 3.8302524405e+01 3.7596368625e+01
130 3.7221157540e+01 1.2415641737e+03 4.7210700752e+01 4.7621120236e+01
131 3.7227194662e+01 1.2417655504e+03 4.4737180290e+01 4.2635399224e+01
132 3.7994756668e+01 1.2673686630e+03 1.0662179149e-01 1.0635893576e-01
133 3.7997914350e+01 1.2674739920e+03 1.1346214069e-01 1.1013157095e-01
134 3.7999214941e+01 1.2675173750e+03 9.6203644547e-02 9.3172300206e-02
135 3.8885891164e+01 1.2970937102e+03 4.6722537569e-02 6.5008212346e-02
136 3.8887560306e+01 1.2971493868e+03 4.4906421553e-01 4.2738638353e-01
137 3.8887646974e+01 1.2971522777e+03 7.2141723529e-01 7.2458689390e-01
138 3.8890060594e+01 1.2972327874e+03 1.1255180786e+00 1.2576267087e+00
139 3.8891384663e+01 1.2972769536e+03 2.4267622231e-01 2.5831875001e-01
140 3.8892037356e+01 1.2972987251e+03 5.8176763376e-02 4.4692647071e-02
141 3.8892702799e+01 1.2973209219e+03 5.4147462993e-01 4.7363224895e-01
142 3.8895214444e+01 1.2974047014e+03 6.6840639359e-02 6.5784517631e-02
143 3.9663663704e+01 1.3230374096e+03 9.6102429734e-02 1.0965252845e-01
144 3.9666694054e+01 1.3231384912e+03 9.1266058036e-01 9.1915955168e-01
145 3.9669939502e+01 1.3232467477e+03 1.4691256811e-01 1.4422828464e-01
146 3.9842371375e+01 1.3289984558e+03 6.0368257703e-05 7.7110469290e-05
147 3.9844633283e+01 1.3290739050e+03 6.0981232856e-05 3.0525626542e-05
148 3.9846059851e+01 1.3291214901e+03 7.4958624132e-05 3.3760274219e-05
149 3.9848554104e+01 1.3292046895e+03 5.9586495489e-05 4.3166509429e-05
150 3.9852179697e+01 1.3293256262e+03 4.2523482869e-05 3.6332370027e-05
151 4.2507560772e+01 1.4178996048e+03 4.2898790937e+00 4.2803900442e+00
152 4.2511369486e+01 1.4180266498e+03 7.3534932042e+00 7.3544024783e+00
153 4.2518584274e+01 1.4182673092e+03 6.4830921388e-01 6.3389876211e-01
154 4.2519203123e+01 1.4182879518e+03 3.9856338626e+00 2.9996051939e+00
155 4.2521437888e+01 1.4183624956e+03 4.9844148538e+00 4.7805888576e+00
156 4.2528807349e+01 1.4186083143e+03 1.7551896056e-01 1.7167228277e-01
157 4.2535771578e+01 1.4188406160e+03 6.2681862832e-02 5.3822235575e-02
158 4.2539673165e+01 1.4189707589e+03 2.7979645215e-02 2.7556294062e-02
159 4.2541902619e+01 1.4190451255e+03 2.6198832766e-03 2.3514841134e-03
160 4.2869132201e+01 1.4299603294e+03 9.4796956287e-02 7.5263371557e-03
161 4.2879381098e+01 1.4303021959e+03 1.7568854310e-01 9.1191098898e-03
162 4.2882598278e+01 1.4304095094e+03 1.9242356920e-02 4.5012152647e-03
163 4.4134965696e+01 1.4721839899e+03 8.1223721522e+02 8.2957377778e+02
164 4.4546902485e+01 1.4859247221e+03 1.9048028512e+00 1.8939361813e+00
165 4.4552123077e+01 1.4860988623e+03 4.2340837719e+00 4.5129644367e+00
166 4.4552944750e+01 1.4861262704e+03 2.0304290416e+00 2.1162403573e+00
167 4.4557706279e+01 1.4862850979e+03 3.6850356599e+00 3.9401894956e+00
168 4.5455973140e+01 1.5162480552e+03 4.7930702428e-04 1.9869243597e-04
169 4.5457964365e+01 1.5163144753e+03 5.3472732441e-04 4.2857210739e-04
170 4.5469204007e+01 1.5166893894e+03 2.1908153416e-03 8.8556705614e-04
171 4.6342425861e+01 1.5458169352e+03 5.3635163647e-03 4.9343796199e-03
172 4.6347533081e+01 1.5459872937e+03 5.0370759062e-03 5.2332864886e-03
173 4.6350488075e+01 1.5460858617e+03 1.1669482044e-03 1.1692453739e-03
174 4.6355506055e+01 1.5462532435e+03 1.6742654599e-02 1.6396586924e-02
175 4.6358884446e+01 1.5463659345e+03 9.8062751272e-04 1.1175540541e-03
176 4.6656609362e+01 1.5562969687e+03 9.6656205649e+01 9.5531581777e+01
177 4.6666017598e+01 1.5566107937e+03 1.0460159301e+02 1.0470160480e+02
178 4.6667535593e+01 1.5566614285e+03 1.0151295272e+02 1.0174299723e+02
179 4.6669775168e+01 1.5567361327e+03 9.3429033714e+01 9.3143416419e+01
180 4.6674657166e+01 1.5568989786e+03 1.4008462408e+02 1.3711230432e+02
