-9.769165941459341529e-02
-6.212737598792780064e-02
-1.661266000263985840e-02
2.066794347919296507e-03
5.644907136194937496e-03
1.655728977138890001e-02
7.727804799856762941e+00
7.728053910082222977e+00
7.732130830343069583e+00
7.733047786647063049e+00
7.734770616337057980e+00
1.004372697635063538e+01
1.004835090812073695e+01
1.005534455903083746e+01
1.038215372497962896e+01
1.038718008396292980e+01
1.038812697283299435e+01
1.038982568652713923e+01
1.190004183623659628e+01
1.190045487548429826e+01
1.190080398251378035e+01
1.190148595559001699e+01
1.190207281407337980e+01
1.272123415575612881e+01
1.272280460216697229e+01
1.272646601812610534e+01
1.272992408431306899e+01
1.273157973523242248e+01
1.431179119888577311e+01
1.431240933700659745e+01
1.431395510180250064e+01
1.431671583189015884e+01
1.461943788624392404e+01
1.572965256561948877e+01
1.573296196237483180e+01
1.573456745703388648e+01
1.582976768243540633e+01
1.583411428138917287e+01
1.583531536688656516e+01
1.583550479515905174e+01
1.583668419918922510e+01
1.644372661341544983e+01
1.644435599645989399e+01
1.644468057772946779e+01
1.680927015951432679e+01
1.681130299465251454e+01
1.681273364587394425e+01
1.684665474575989208e+01
1.684727986038033265e+01
1.684813944217039960e+01
1.684896133423638886e+01
1.730089607202487301e+01
1.730132518791499052e+01
1.730201179235528386e+01
1.980066214257170287e+01
1.980120576302780933e+01
1.980171767212477008e+01
1.980276749214279164e+01
1.980349245835217431e+01
2.115421158195396956e+01
2.115472037729866983e+01
2.115541069380805794e+01
2.115575846957694850e+01
2.115598215347674582e+01
2.127406065264357693e+01
2.127432642383335093e+01
2.127494622530311474e+01
2.202157427300112857e+01
2.202209581590834730e+01
2.202254636986533853e+01
2.202271614256670773e+01
2.202362980920137048e+01
2.222861201147050636e+01
2.222914552144675682e+01
2.222993121071521117e+01
2.223072953199317681e+01
2.261000203954001009e+01
2.261050691233507237e+01
2.261078811528318155e+01
2.261132637359478892e+01
2.278152668055869867e+01
2.278222220202660253e+01
2.278269178143106544e+01
2.310298444201123047e+01
2.310636807370765311e+01
2.310876921213506563e+01
2.311327142940578128e+01
2.311668240263351137e+01
2.323878225582069490e+01
2.323983713959414033e+01
2.324031277622003699e+01
2.324119381470641343e+01
2.357095468797274762e+01
2.357122897831740005e+01
2.357246658300910624e+01
2.458945157269438653e+01
2.459118570963089567e+01
2.459320617215672655e+01
2.828671223781521604e+01
2.875718847069664719e+01
2.875948029527033967e+01
2.876288775844560064e+01
2.876458091419462448e+01
2.895835869705036458e+01
2.895988895220726178e+01
2.896601588950214534e+01
3.242983013297964590e+01
3.243245001934705130e+01
3.243866215339575376e+01
3.244005218066610752e+01
3.290804802277186525e+01
3.290817347162768414e+01
3.291051292790110949e+01
3.291180805952288324e+01
3.291240771244488883e+01
3.551246097663723589e+01
3.551931245052484343e+01
3.552471934463100922e+01
3.554700615660285479e+01
3.555082927795585590e+01
3.555985283091128224e+01
3.614225979571747871e+01
3.614270237072663861e+01
3.614488414936342764e+01
3.614929085204074966e+01
3.615404429742605430e+01
3.721434458445321525e+01
3.721646126413888567e+01
3.721837279623508010e+01
3.722115753983945297e+01
3.722719466247580300e+01
3.799475666800715601e+01
3.799791435017018415e+01
3.799921494112002307e+01
3.888589116428260439e+01
3.888756030551667919e+01
3.888764697439705742e+01
3.889006059415761030e+01
3.889138466337369238e+01
3.889203735643477700e+01
3.889270279948603104e+01
3.889521444429705355e+01
3.966366370412904274e+01
3.966669405385339076e+01
3.966993950202816421e+01
3.984237137524541339e+01
3.984463328323163012e+01
3.984605985069941170e+01
3.984855410421798183e+01
3.985217969688331152e+01
4.250756077239542208e+01
4.251136948643414826e+01
4.251858427365975501e+01
4.251920312310597438e+01
4.252143788768032096e+01
4.252880734878775826e+01
4.253577157759911387e+01
4.253967316506209784e+01
4.254190261895568170e+01
4.286913220064276686e+01
4.287938109796001385e+01
4.288259827824896320e+01
4.413496569582852658e+01
4.454690248464601865e+01
4.455212307729922117e+01
4.455294474984534503e+01
4.455770627935027761e+01
4.545597313957653540e+01
4.545796436522029893e+01
4.546920400678214946e+01
4.634242586111541584e+01
4.634753308130414240e+01
4.635048807502534629e+01
4.635550605526299961e+01
4.635888444612887582e+01
4.665660936220913868e+01
4.666601759777409342e+01
4.666753559273536212e+01
4.666977516776250212e+01
4.667465716640149509e+01
